R4: 0.984119
R44: 0.983386
R75: 0.98511
R73: 0.984469
R37: 0.971064
R42: 0.983597
R31: 0.983399
R50: 0.983001
R54: 0.983282
R10: 0.98463
R49: 0.983001
R23: 0.971402
R21: 0.98316
R48: 0.983386
R69: 0.983387
R40: 0.984893
R0: 0.983376
R70: 0.983387
R32: 0.983399
R51: 0.982441
R28: 0.983806
R74: 0.985129
R36: 0.98339
R16: 0.984435
R53: 0.982441
R65: 0.982418
R2: 0.983375
R29: 0.984829
R47: 0.983387
R34: 0.979485
R13: 0.984189
R35: 0.984803
R3: 0.979006
R39: 0.984904
R41: 0.9836
R24: 0.978242
R8: 0.984678
R5: 0.982592
R63: 0.982419
R43: 0.983387
R38: 0.984264
R18: 0.983395
R12: 0.984446
R1: 0.978962
R45: 0.983001
R22: 0.976899
R76: 0.982921
R15: 0.984349
R11: 0.984371
R46: 0.983001
R20: 0.979358
